Name;Value;Error;Frequency T=258.1 H=0.0;ChiPrimeMol T=258.1 H=0.0;ChiBisMol T=258.1 H=0.0;ModelFrequency T=258.1 H=0.0;ModelChiPrimeMol T=258.1 H=0.0;ModelChiBisMol T=258.1 H=0.0
T;258.1;0.0;1.0;0.29407;0.00015001;182.94;0.29367019098297964;0.0003256239891898689
H;0.0;0.0;1.1759;0.29405000000000003;8.8155e-05;330.39428571428573;0.2935348517788101;0.00035441387133628663
alpha1;0.5721400101014137;0.03258588182882245;1.6463;0.29404;0.00012257000000000001;477.84857142857146;0.2934441800637731;0.00036753386113072225
beta1;0.9999999999999999;0.012812612539485131;2.3048;0.29410000000000003;0.00012308;625.3028571428572;0.29337592764859055;0.00037423051393128644
log10_tau1;-3.822461691908873;0.042504311892886885;3.2268;0.29404;0.00014907;772.757142857143;0.29332131738724865;0.0003776469421784789
chi_t-chi_s1;0.0021733243881110007;0.00016472833790467725;4.5175;0.29399000000000003;2.696e-05;920.2114285714288;0.2932759188820029;0.00037918150316861314
chi_s1;0.2921529993512539;8.769885234489253e-05;6.3245000000000005;0.29399000000000003;9.3614e-05;1067.6657142857143;0.2932371670299385;0.0003795563672171208
;;;8.8543;0.294;0.0001036;1215.1200000000001;0.29320343831394907;0.0003791822114943817
;;;12.396;0.29397;0.00014844;1362.574285714286;0.2931736383117363;0.00037830891371446693
;;;17.354;0.29393;0.00014689;1510.0285714285717;0.29314699363794466;0.00037709630532365215
;;;24.296;0.29394000000000003;0.00014855;1657.4828571428575;0.29312293733193684;0.00037565060602289636
;;;34.015;0.29387;0.00014731;1804.937142857143;0.2931010413387583;0.0003740445515638068
;;;47.62;0.29389000000000004;0.00035992;1952.3914285714288;0.2930809745683993;0.0003723291464814847
;;;66.668;0.29384000000000005;0.00023547;2099.8457142857146;0.2930624756989244;0.0003705408414395861
;;;93.336;0.29379000000000005;0.00026408;2247.3;0.293045334900563;0.00036870608200564934
;;;130.67;0.29374;0.00029093;2394.754285714286;0.29302938117988836;0.0003668442827846834
;;;182.94;0.29366000000000003;0.00032657;2542.2085714285718;0.2930144733876402;0.0003649698243107085
;;;256.11;0.2936;0.00033919;2689.6628571428573;0.29300049368587483;0.0003630934247970112
;;;358.56;0.29351000000000005;0.00036077;2837.1171428571433;0.29298734270856724;0.00036122310135197616
;;;501.98;0.29344000000000003;0.00037224000000000003;2984.571428571429;0.29297493591460927;0.00035936485533738456
;;;702.78;0.29334000000000005;0.00039535;3132.025714285715;0.2929632007971296;0.00035752316857836156
;;;983.89;0.29326;0.00038908;3279.4800000000005;0.2929520747186905;0.0003557013675305103
;;;1377.4;0.29317000000000004;0.00038218000000000003;3426.934285714286;0.2929415032111977;0.00035390189378022057
;;;1928.4;0.29309;0.00037594;3574.388571428572;0.2929314386258039;0.0003521265071385209
;;;2699.8;0.293;0.00036679000000000003;3721.8428571428576;0.2929218390498257;0.00035037643959375046
;;;3779.7;0.29291;0.00035354;3869.297142857143;0.2929126674297764;0.00034865251301641393
;;;5291.6;0.29285;0.00033448;4016.751428571429;0.2929038908552247;0.0003469552298406483
;;;7408.2;0.29279000000000005;0.00031451;4164.205714285715;0.29289547996938897;0.00034528484340323653
;;;10371.0;0.29273000000000005;0.00028872;4311.66;0.29288740848051265;0.00034364141283355754
;;;14520.0;0.29268000000000005;0.00027688;4459.114285714286;0.2928796527540641;0.0003420248461157464
;;;20328.0;0.29262000000000005;0.00026172;4606.568571428572;0.29287219147026033;0.0003404349340284813
;;;28459.0;0.29257;0.00024777;4754.022857142857;0.29286500533477544;0.00033887137700138565
;;;39843.0;0.29252;0.0002338;4901.477142857143;0.2928580768330421;0.000337333806437254
;;;55780.0;0.29248;0.00027706;5048.931428571429;0.29285139002051425;0.0003358218016860469
;;;78092.0;0.29244000000000003;0.00023874;5196.385714285714;0.29284493034277;0.00033433490358486236
;;;109330.0;0.2924;0.00022836000000000002;5343.84;0.2928386844805155;0.0003328726252731668
;;;153060.0;0.29239000000000004;0.00020219000000000001;5491.294285714286;0.2928326402154762;0.00033143446083690723
;;;214290.0;0.29232;0.00027251;5638.748571428571;0.2928267863138977;0.00033001989221603323
;;;300000.0;0.29236;0.00023861;5786.202857142857;0.29282111242496006;0.0003286283947182565
;;;;;;5933.657142857143;0.2928156089918799;0.0003272594414108337
;;;;;;6081.111428571429;0.29281026717385156;0.00032591250660680656
;;;;;;6228.565714285714;0.2928050787772844;0.00032458706861876
;;;;;;6376.02;0.29280003619504363;0.00032328261191902043
;;;;;;6523.474285714286;0.2927951323526066;0.00032199862881819976
;;;;;;6670.928571428572;0.2927903606602148;0.00032073462075252624
;;;;;;6818.382857142858;0.29278571497024003;0.00031949009925327153
;;;;;;6965.837142857144;0.29278118953910215;0.00031826458665785523
;;;;;;7113.291428571429;0.29277677899316773;0.00031705761661118153
;;;;;;7260.745714285715;0.29277247829814446;0.0003158687343968375
;;;;;;7408.2;0.2927682827315505;0.0003146974971305973
